$GPGSV,3,2,11,02,27,074,38,24,16,134,38,09,63,061,,11,38,295,*75
$GPGSV,3,2,11,02,27,074,38,24,16,134,38,09,63,061,,11,38,295,*75
$GPGSV,3,2,11,02,27,074,38,24,16,134,38,09,63,061,,11,38,295,*75
$GPGSV,3,2,11,02,27,074,39,24,16,134,38,09,63,061,,11,38,295,*74
$GPGSV,3,2,11,02,27,074,40,24,16,134,38,09,63,061,,11,38,295,*7A
$GPGSV,3,2,11,02,27,074,39,24,16,134,38,09,63,061,,11,38,295,*74
$GPGSV,3,2,11,02,27,074,39,24,16,134,38,09,63,061,,11,38,295,*74
$GPGSV,3,2,11,02,27,074,40,24,16,134,38,09,63,061,,11,38,295,*7A
$GPGSV,3,2,11,02,27,074,39,24,16,134,38,09,63,061,,11,38,295,*74
$GPGSV,3,2,11,02,27,074,38,24,16,134,38,09,63,061,,11,38,295,*75
$GPGSV,3,2,11,02,27,074,38,24,16,134,37,09,63,061,,11,38,295,*7A
$GPGSV,3,2,11,02,27,074,38,24,16,134,37,09,63,061,,11,38,295,*7A
$GPGSV,3,2,11,02,27,074,37,24,16,134,36,09,63,061,,11,38,295,*74
$GPGSV,3,2,11,02,27,074,37,24,16,134,36,09,63,061,,11,38,295,*74
$GPGSV,3,2,11,02,27,074,37,24,16,134,36,09,63,061,,11,38,295,*74
$GPGSV,3,2,11,02,27,074,37,24,16,134,36,09,63,061,,11,38,295,*74
$GPGSV,3,2,11,02,27,074,37,24,16,134,36,09,63,061,,11,38,295,*74
$GPGSV,3,2,11,02,27,074,37,24,16,134,36,09,63,061,,11,38,295,*74
$GPGSV,3,2,11,02,27,074,37,24,16,134,36,09,63,061,,11,38,295,*74
$GPGSV,3,2,11,02,27,074,37,24,16,134,36,09,63,061,,11,38,295,*74
$GPGSV,3,2,11,02,27,074,38,24,16,134,37,09,63,061,,11,38,295,*7A
$GPGSV,3,2,11,02,27,074,38,24,16,134,37,09,63,061,,11,38,295,*7A
$GPGSV,3,2,11,02,27,074,38,24,16,134,37,09,63,061,,11,38,295,*7A
$GPGSV,3,2,11,02,27,074,38,24,16,134,37,26,01,264,15,09,63,061,*7E
$GPGSV,3,2,11,02,27,074,38,24,16,134,37,09,63,061,,11,38,295,*7A
$GPGSV,3,2,11,02,27,074,38,24,16,134,37,09,63,061,,11,38,295,*7A
$GPGSV,3,2,11,02,27,074,38,24,16,134,37,09,63,061,,11,38,295,*7A
$GPGSV,3,2,11,02,27,074,38,24,16,134,37,09,63,061,,11,38,295,*7A
$GPGSV,3,2,11,02,27,074,38,24,16,134,37,09,63,061,,11,38,295,*7A
$GPGSV,3,2,11,02,27,074,38,24,16,134,37,09,63,061,,11,38,295,*7A
$GPGSV,3,2,11,02,27,074,38,24,16,134,37,26,01,264,,09,63,061,*7A
$GPGSV,3,2,11,02,27,074,38,24,16,134,37,26,01,264,20,09,63,061,*78
$GPGSV,3,2,11,02,27,072,38,24,15,134,37,09,62,061,,11,39,293,*79
$GPGSV,3,2,11,02,27,072,38,24,15,134,37,09,62,061,,11,39,293,*79
$GPGSV,3,2,11,02,27,072,38,24,15,134,37,09,62,061,,11,39,293,*79
$GPGSV,3,2,11,02,27,072,38,24,15,134,37,09,62,061,,11,39,293,*79
$GPGSV,3,2,11,02,27,072,38,24,15,134,37,26,02,265,23,09,62,061,*7D
$GPGSV,3,2,11,02,27,072,38,24,15,134,37,09,62,061,,11,39,293,*79
$GPGSV,3,2,11,02,27,072,38,24,15,134,37,09,62,061,,11,39,293,*79
$GPGSV,3,2,11,02,27,072,38,24,15,134,37,09,62,061,,11,39,293,*79
$GPGSV,3,2,11,02,27,072,37,24,15,134,37,09,62,061,,11,39,293,*76
$GPGSV,3,2,11,02,27,072,37,24,15,134,36,09,62,061,,11,39,293,*77
$GPGSV,3,2,11,02,27,072,37,24,15,134,36,26,02,265,,09,62,061,*72
$GPGSV,3,2,11,02,27,072,37,24,15,134,37,26,02,265,19,09,62,061,*7B
$GPGSV,3,2,11,02,27,072,37,24,15,134,37,26,02,265,21,09,62,061,*70
$GPGSV,3,2,11,02,27,072,37,24,15,134,37,26,02,265,21,09,62,061,*70
$GPGSV,3,2,11,02,27,072,37,24,15,134,37,09,62,061,,11,39,293,*76
$GPGSV,3,2,11,02,27,072,37,24,15,134,37,09,62,061,,11,39,293,*76
$GPGSV,3,2,11,02,27,072,38,24,15,134,37,09,62,061,,11,39,293,*79
$GPGSV,3,2,11,02,27,072,38,24,15,134,37,26,02,265,20,09,62,061,*7E
$GPGSV,3,2,11,02,27,072,38,24,15,134,37,09,62,061,,11,39,293,*79
$GPGSV,3,2,11,02,27,072,38,24,15,134,36,09,62,061,,11,39,293,*78
$GPGSV,3,2,11,02,27,072,38,24,15,134,36,09,62,061,,11,39,293,*78
$GPGSV,3,2,11,02,27,072,38,24,15,134,36,09,62,061,,11,39,293,*78
$GPGSV,3,2,11,02,27,072,38,24,15,134,36,09,62,061,,11,39,293,*78
$GPGSV,3,2,11,02,27,072,38,24,15,134,36,09,62,061,,11,39,293,*78
$GPGSV,3,2,11,02,27,072,38,24,15,134,36,09,62,061,,11,39,293,*78
$GPGSV,3,2,11,02,27,072,38,24,15,134,36,09,62,061,,11,39,293,*78
$GPGSV,3,2,11,02,27,072,38,24,15,134,36,09,62,061,,11,39,293,*78
$GPGSV,3,2,11,02,27,072,38,24,15,134,36,26,02,265,10,09,62,061,*7C
$GPGSV,3,2,11,02,27,072,38,24,15,134,36,09,62,061,,11,39,293,*78
$GPGSV,3,2,11,02,27,072,38,24,15,134,36,09,62,061,,11,39,293,*78
$GPGSV,3,2,11,02,27,072,38,24,15,134,36,09,62,061,,11,39,293,*78
$GPGSV,3,2,11,02,27,072,38,24,15,134,36,09,62,061,,11,39,293,*78
$GPGSV,3,2,11,02,27,072,38,24,15,134,36,09,62,061,,11,39,293,*78
$GPGSV,3,2,11,02,27,072,39,24,15,134,37,09,62,061,,11,39,293,*78
$GPGSV,3,2,11,02,27,072,40,24,15,134,38,09,62,061,,11,39,293,*79
$GPGSV,3,2,11,02,27,072,40,24,15,134,38,09,62,061,,11,39,293,*79
$GPGSV,3,2,11,02,28,071,40,24,14,135,39,09,60,060,,11,40,292,*78
$GPGSV,3,2,11,02,28,071,41,24,14,135,39,09,60,060,,11,40,292,*79
$GPGSV,3,2,11,02,28,071,41,24,14,135,39,09,60,060,,11,40,292,*79
$GPGSV,3,2,11,02,28,071,41,24,14,135,39,26,03,266,24,09,60,060,*77
$GPGSV,3,2,11,02,28,071,41,24,14,135,39,26,03,266,19,09,60,060,*79
$GPGSV,3,2,11,02,28,071,41,24,14,135,39,09,60,060,,11,40,292,*79
$GPGSV,3,2,11,02,28,071,41,24,14,135,40,09,60,060,,11,40,292,*77
$GPGSV,3,2,11,02,28,071,41,24,14,135,40,09,60,060,,11,40,292,*77
$GPGSV,3,2,11,02,28,071,41,24,14,135,40,26,03,266,22,09,60,060,*7F
$GPGSV,3,2,11,02,28,071,41,24,14,135,40,26,03,266,26,09,60,060,*7B
$GPGSV,3,2,11,02,28,071,40,24,14,135,40,26,03,266,22,09,60,060,*7E
$GPGSV,3,2,11,02,28,071,35,24,14,135,39,26,03,266,24,09,60,060,*74
$GPGSV,3,2,11,02,28,071,35,24,14,135,39,09,60,060,,11,40,292,*7A
$GPGSV,3,2,11,02,28,071,35,24,14,135,38,26,03,266,28,09,60,060,*79
$GPGSV,3,2,11,02,28,071,37,24,14,135,37,26,03,266,24,09,60,060,*78
$GPGSV,3,2,11,02,28,071,37,24,14,135,37,09,60,060,,11,40,292,*76
$GPGSV,3,2,11,02,28,071,38,24,14,135,37,26,03,266,24,09,60,060,*77
$GPGSV,3,2,11,02,28,071,38,24,14,135,37,09,60,060,,11,40,292,*79
$GPGSV,3,2,11,02,28,071,38,24,14,135,36,26,03,266,21,09,60,060,*73
$GPGSV,3,2,11,02,28,071,38,24,14,135,36,26,03,266,22,09,60,060,*70
$GPGSV,3,2,11,02,28,071,38,24,14,135,36,09,60,060,,11,40,292,*78
$GPGSV,3,2,11,02,28,071,38,24,14,135,36,26,03,266,23,09,60,060,*71
$GPGSV,3,2,11,02,28,071,37,24,14,135,36,26,03,266,23,09,60,060,*7E
$GPGSV,3,2,11,02,28,071,37,24,14,135,36,26,03,266,26,09,60,060,*7B
$GPGSV,3,2,11,02,28,071,37,24,14,135,36,26,03,266,24,09,60,060,*79
$GPGSV,3,2,11,02,28,071,37,24,14,135,36,09,60,060,,11,40,292,*77
$GPGSV,3,2,11,02,28,071,37,24,14,135,36,26,03,266,24,09,60,060,*79
$GPGSV,3,2,11,02,28,071,37,24,14,135,36,26,03,266,23,09,60,060,*7E
$GPGSV,3,2,11,02,28,071,37,24,14,135,36,26,03,266,26,09,60,060,*7B
$GPGSV,3,2,11,02,28,071,38,24,14,135,37,09,60,060,,11,40,292,*79
$GPGSV,3,2,11,02,28,071,38,24,14,135,37,26,03,266,25,09,60,060,*76
$GPGSV,3,2,11,02,28,071,38,24,14,135,37,26,03,266,29,09,60,060,*7A
$GPGSV,3,2,11,02,28,071,38,24,14,135,37,26,03,266,27,09,60,060,*74
$GPGSV,3,2,11,02,28,071,38,24,14,135,37,26,03,266,26,09,60,060,*75
$GPGSV,3,2,11,02,28,071,39,24,14,135,37,26,03,266,26,09,60,060,*74
$GPGSV,3,2,11,02,28,071,38,24,14,135,37,26,03,266,27,09,60,060,*74
$GPGSV,3,2,11,02,28,069,38,24,12,135,37,26,04,266,30,09,59,060,*70
$GPGSV,3,2,11,02,28,069,38,24,12,135,37,26,04,266,22,09,59,060,*73
$GPGSV,3,2,11,02,28,069,38,24,12,135,37,26,04,266,27,09,59,060,*76
$GPGSV,3,2,11,02,28,069,38,24,12,135,36,26,04,266,23,09,59,060,*73
$GPGSV,3,1,11,25,78,030,42,31,41,303,40,12,39,071,43,32,37,240,42*78
$GPGSV,3,3,11,11,41,290,,07,20,043,,30,19,043,*49
$GPGSV,3,1,11,25,78,030,42,31,41,303,40,12,39,071,43,32,37,240,42*78
$GPGSV,3,3,11,11,41,290,,07,20,043,,30,19,043,*49
$GPGSV,3,1,11,25,78,030,42,31,41,303,40,12,39,071,43,32,37,240,42*78
$GPGSV,3,3,11,07,20,043,,30,19,043,,26,04,266,*45
$GPGSV,3,1,11,25,78,030,43,31,41,303,40,12,39,071,43,32,37,240,42*79
$GPGSV,3,3,11,11,41,290,,07,20,043,,30,19,043,*49
$GPGSV,3,1,11,25,78,030,43,31,41,303,40,12,39,071,43,32,37,240,42*79
$GPGSV,3,3,11,07,20,043,,30,19,043,,26,04,266,*45
$GPGSV,3,1,11,25,78,030,43,31,41,303,40,12,39,071,43,32,37,240,42*79
$GPGSV,3,3,11,07,20,043,,30,19,043,,26,04,266,*45
$GPGSV,3,1,11,25,78,030,43,31,41,303,40,12,39,071,43,32,37,240,42*79
$GPGSV,3,3,11,07,20,043,,30,19,043,,26,04,266,*45
$GPGSV,3,1,11,25,78,030,43,31,41,303,40,12,39,071,43,32,37,240,42*79
$GPGSV,3,3,11,07,20,043,,30,19,043,,26,04,266,*45
$GPGSV,3,1,11,25,78,030,43,31,41,303,40,12,39,071,43,32,37,240,42*79
$GPGSV,3,3,11,07,20,043,,30,19,043,,26,04,266,*45
$GPGSV,3,1,11,25,78,030,42,31,41,303,40,12,39,071,43,32,37,240,42*78
$GPGSV,3,3,11,11,41,290,,07,20,043,,30,19,043,*49
$GPGSV,3,1,11,25,78,030,42,31,41,303,39,12,39,071,43,32,37,240,41*75
$GPGSV,3,3,11,11,41,290,,07,20,043,,30,19,043,*49
$GPGSV,3,1,11,25,78,030,42,31,41,303,41,12,39,071,33,32,37,240,42*7E
$GPGSV,3,3,11,11,41,290,,07,20,043,,30,19,043,*49
$GPGSV,3,1,11,25,78,030,41,31,41,303,41,12,39,071,33,32,37,240,42*7D
$GPGSV,3,3,11,07,20,043,,30,19,043,,26,04,266,*45
$GPGSV,3,1,11,25,78,030,41,31,41,303,39,12,39,071,32,32,37,240,41*70
$GPGSV,3,3,11,07,20,043,,30,19,043,,26,04,266,*45
$GPGSV,3,1,11,25,78,030,41,31,41,303,40,12,39,071,32,32,37,240,43*7C
$GPGSV,3,3,11,07,20,043,,30,19,043,,26,04,266,*45
$GPGSV,3,1,11,25,78,030,41,31,41,303,39,12,39,071,32,32,37,240,42*73
$GPGSV,3,3,11,11,41,290,,07,20,043,,30,19,043,*49
$GPGSV,3,1,11,25,78,030,40,31,41,303,40,12,39,071,33,32,37,240,42*7D
$GPGSV,3,3,11,07,20,043,,30,19,043,,26,04,266,*45
$GPGSV,3,1,11,25,78,030,40,31,41,303,41,12,39,071,32,32,37,240,43*7C
$GPGSV,3,3,11,07,20,043,,30,19,043,,26,04,266,*45
$GPGSV,3,1,11,25,78,030,42,31,41,303,41,12,39,071,32,32,37,240,42*7F
$GPGSV,3,3,11,11,41,290,,07,20,043,,30,19,043,*49
$GPGSV,3,1,11,25,78,030,42,31,41,303,40,12,39,071,33,32,37,240,41*7C
$GPGSV,3,3,11,07,20,043,,30,19,043,,26,04,266,*45
$GPGSV,3,1,11,25,78,030,42,31,41,303,40,12,39,071,33,32,37,240,40*7D
$GPGSV,3,3,11,11,41,290,,07,20,043,,30,19,043,*49
$GPGSV,3,1,11,25,78,030,42,31,41,303,40,12,39,071,35,32,37,240,40*7B
$GPGSV,3,3,11,07,20,043,,30,19,043,,26,04,266,*45
$GPGSV,3,1,11,25,78,030,42,31,41,303,40,12,39,071,36,32,37,240,41*79
$GPGSV,3,3,11,11,41,290,,07,20,043,,30,19,043,*49
$GPGSV,3,1,11,25,78,030,40,31,41,303,44,12,39,071,36,32,37,240,41*7F
$GPGSV,3,3,11,11,41,290,,07,20,043,,30,19,043,*49
$GPGSV,3,1,11,25,78,030,41,31,41,303,42,12,39,071,45,32,37,240,41*7C
$GPGSV,3,3,11,11,41,290,,07,20,043,,30,19,043,*49
$GPGSV,3,1,11,25,78,030,42,31,41,303,41,12,39,071,38,32,37,240,41*76
$GPGSV,3,3,11,11,41,290,,07,20,043,,30,19,043,*49
$GPGSV,3,1,11,25,78,030,42,31,41,303,41,12,39,071,41,32,37,240,41*78
$GPGSV,3,3,11,11,41,290,,07,20,043,,30,19,043,*49
$GPGSV,3,1,11,25,78,030,42,31,41,303,40,12,39,071,41,32,37,240,40*78
$GPGSV,3,3,11,07,20,043,,30,19,043,,26,04,266,*45
$GPGSV,3,1,11,25,78,030,42,31,41,303,40,12,39,071,42,32,37,240,40*7B
$GPGSV,3,3,11,07,20,043,,30,19,043,,26,04,266,*45
$GPGSV,3,1,11,25,78,030,42,31,41,303,40,12,39,071,42,32,37,240,40*7B
$GPGSV,3,3,11,07,20,043,,30,19,043,,26,04,266,*45
$GPGSV,3,1,11,25,78,030,42,31,41,303,40,12,39,071,42,32,37,240,40*7B
$GPGSV,3,3,11,07,20,043,,30,19,043,,26,04,266,*45
$GPGSV,3,1,11,25,78,030,42,31,41,303,40,12,39,071,42,32,37,240,40*7B
$GPGSV,3,3,11,07,20,043,,30,19,043,,26,04,266,*45
$GPGSV,3,1,11,25,77,036,42,31,42,303,40,12,38,072,42,32,36,239,40*7C
$GPGSV,3,3,11,07,19,042,,30,18,042,,26,05,267,*4E
$GPGSV,3,1,11,25,77,036,42,31,42,303,40,12,38,072,42,32,36,239,40*7C
$GPGSV,3,3,11,07,19,042,,30,18,042,,26,05,267,*4E
$GPGSV,3,1,11,25,77,036,42,31,42,303,40,12,38,072,42,32,36,239,40*7C
$GPGSV,3,3,11,11,41,289,,07,19,042,,30,18,042,*4A
$GPGSV,3,1,11,25,77,036,42,31,42,303,40,12,38,072,42,32,36,239,40*7C
$GPGSV,3,3,11,11,41,289,,07,19,042,,30,18,042,*4A
$GPGSV,3,1,11,25,77,036,42,31,42,303,40,12,38,072,42,32,36,239,40*7C
$GPGSV,3,3,11,11,41,289,,07,19,042,,30,18,042,*4A
$GPGSV,3,1,11,25,77,036,41,31,42,303,40,12,38,072,42,32,36,239,40*7F
$GPGSV,3,3,11,11,41,289,,07,19,042,,30,18,042,*4A
$GPGSV,3,1,11,25,77,036,41,31,42,303,40,12,38,072,42,32,36,239,40*7F
$GPGSV,3,3,11,11,41,289,,07,19,042,,30,18,042,*4A
$GPGSV,3,1,11,25,77,036,42,31,42,303,40,12,38,072,42,32,36,239,40*7C
$GPGSV,3,3,11,11,41,289,,07,19,042,,30,18,042,*4A
$GPGSV,3,1,11,25,77,036,41,31,42,303,40,12,38,072,42,32,36,239,40*7F
$GPGSV,3,3,11,07,19,042,,30,18,042,,26,05,267,*4E
$GPGSV,3,1,11,25,77,036,41,31,42,303,39,12,38,072,42,32,36,239,40*71
$GPGSV,3,3,11,11,41,289,,07,19,042,,30,18,042,*4A
$GPGSV,3,1,11,25,77,036,41,31,42,303,40,12,38,072,42,32,36,239,40*7F
$GPGSV,3,3,11,07,19,042,,30,18,042,,26,05,267,*4E
$GPGSV,3,1,11,25,77,036,42,31,42,303,40,12,38,072,42,32,36,239,40*7C
$GPGSV,3,3,11,07,19,042,,30,18,042,,26,05,267,*4E
$GPGSV,3,1,11,25,77,036,42,31,42,303,40,12,38,072,42,32,36,239,40*7C
$GPGSV,3,3,11,07,19,042,,30,18,042,,26,05,267,*4E
$GPGSV,3,1,11,25,77,036,42,31,42,303,40,12,38,072,43,32,36,239,41*7C
$GPGSV,3,3,11,07,19,042,,30,18,042,,26,05,267,*4E
$GPGSV,3,1,11,25,77,036,42,31,42,303,40,12,38,072,43,32,36,239,41*7C
$GPGSV,3,3,11,07,19,042,,30,18,042,,26,05,267,*4E
$GPGSV,3,1,11,25,77,036,42,31,42,303,40,12,38,072,42,32,36,239,40*7C
$GPGSV,3,3,11,07,19,042,,30,18,042,,26,05,267,*4E
$GPGSV,3,1,11,25,77,036,42,31,42,303,41,12,38,072,43,32,36,239,41*7D
$GPGSV,3,3,11,07,19,042,,30,18,042,,26,05,267,*4E
$GPGSV,3,1,11,25,77,036,43,31,42,303,41,12,38,072,44,32,36,239,41*7B
$GPGSV,3,3,11,07,19,042,,30,18,042,,26,05,267,*4E
$GPGSV,3,1,11,25,77,036,43,31,42,303,41,12,38,072,44,32,36,239,42*78
$GPGSV,3,3,11,07,19,042,,30,18,042,,26,05,267,*4E
$GPGSV,3,1,11,25,77,036,43,31,42,303,41,12,38,072,44,32,36,239,41*7B
$GPGSV,3,3,11,07,19,042,,30,18,042,,26,05,267,*4E
$GPGSV,3,1,11,25,77,036,43,31,42,303,41,12,38,072,43,32,36,239,41*7C
$GPGSV,3,3,11,11,41,289,,07,19,042,,30,18,042,*4A
$GPGSV,3,1,11,25,77,036,43,31,42,303,41,12,38,072,43,32,36,239,41*7C
$GPGSV,3,3,11,07,19,042,,30,18,042,,26,05,267,*4E
$GPGSV,3,1,11,25,77,036,43,31,42,303,41,12,38,072,44,32,36,239,42*78
$GPGSV,3,3,11,07,19,042,,30,18,042,,26,05,267,*4E
$GPGSV,3,1,11,25,77,036,43,31,42,303,42,12,38,072,44,32,36,239,42*7B
$GPGSV,3,3,11,07,19,042,,30,18,042,,26,05,267,*4E
$GPGSV,3,1,11,25,77,036,43,31,42,303,41,12,38,072,43,32,36,239,42*7F
$GPGSV,3,3,11,07,19,042,,30,18,042,,26,05,267,*4E
$GPGSV,3,1,11,25,77,036,43,31,42,303,41,12,38,072,43,32,36,239,42*7F
$GPGSV,3,3,11,07,19,042,,30,18,042,,26,05,267,*4E
$GPGSV,3,1,11,25,77,036,43,31,42,303,41,12,38,072,43,32,36,239,41*7C
$GPGSV,3,3,11,07,19,042,,30,18,042,,26,05,267,*4E
$GPGSV,3,1,11,25,77,036,43,31,42,303,41,12,38,072,43,32,36,239,42*7F
$GPGSV,3,3,11,07,19,042,,30,18,042,,26,05,267,*4E
$GPGSV,3,1,11,25,77,036,43,31,42,303,41,12,38,072,43,32,36,239,41*7C
$GPGSV,3,3,11,11,41,289,,07,19,042,,30,18,042,*4A
$GPGSV,3,1,11,25,77,036,43,31,42,303,41,12,38,072,43,32,36,239,41*7C
$GPGSV,3,3,11,07,19,042,,30,18,042,,26,05,267,*4E
$GPGSV,3,1,11,25,77,036,43,31,42,303,41,12,38,072,43,32,36,239,41*7C
$GPGSV,3,3,11,07,19,042,,30,18,042,,26,05,267,*4E
$GPGSV,3,1,11,25,77,036,42,31,42,303,41,12,38,072,43,32,36,239,41*7D
$GPGSV,3,3,11,07,19,042,,30,18,042,,26,05,267,*4E
$GPGSV,3,1,11,25,77,036,42,31,42,303,41,12,38,072,43,32,36,239,41*7D
$GPGSV,3,3,11,07,19,042,,30,18,042,,26,05,267,*4E
$GPGSV,3,1,11,25,77,036,42,31,42,303,41,12,38,072,43,32,36,239,41*7D
$GPGSV,3,3,11,07,19,042,,30,18,042,,26,05,267,*4E
$GPGSV,3,1,11,25,77,036,42,31,42,303,40,12,38,072,42,32,36,239,41*7D
$GPGSV,3,3,11,07,19,042,,30,18,042,,26,05,267,*4E
$GPGSV,3,1,11,25,77,036,42,31,42,303,40,12,38,072,42,32,36,239,40*7C
$GPGSV,3,3,11,07,19,042,,30,18,042,,26,05,267,*4E
$GPGSV,3,1,11,25,76,041,42,31,43,303,40,12,37,073,42,32,35,238,40*70
$GPGSV,3,3,11,07,18,042,,30,17,042,,26,06,268,*4C
$GPGSV,3,1,11,25,76,041,42,31,43,303,40,12,37,073,42,32,35,238,40*70
$GPGSV,3,3,11,07,18,042,,30,17,042,,26,06,268,*4C
$GPGSV,3,1,11,25,76,041,42,31,43,303,40,12,37,073,42,32,35,238,40*70
$GPGSV,3,3,11,07,18,042,,30,17,042,,26,06,268,*4C
$GPGSV,3,1,11,25,76,041,42,31,43,303,40,12,37,073,42,32,35,238,40*70
$GPGSV,3,3,11,07,18,042,,30,17,042,,26,06,268,*4C
$GPGSV,3,1,11,25,76,041,42,31,43,303,40,12,37,073,42,32,35,238,40*70
$GPGSV,3,3,11,07,18,042,,30,17,042,,26,06,268,*4C
$GPGSV,3,1,11,25,76,041,42,31,43,303,40,12,37,073,42,32,35,238,40*70
$GPGSV,3,3,11,07,18,042,,30,17,042,,26,06,268,*4C
$GPGSV,3,1,11,25,76,041,42,31,43,303,40,12,37,073,42,32,35,238,40*70
$GPGSV,3,3,11,07,18,042,,30,17,042,,26,06,268,*4C
$GPGSV,3,1,11,25,76,041,42,31,43,303,40,12,37,073,42,32,35,238,40*70
$GPGSV,3,3,11,07,18,042,,30,17,042,,26,06,268,*4C
$GPGSV,3,1,11,25,76,041,43,31,43,303,40,12,37,073,42,32,35,238,41*70
$GPGSV,3,3,11,07,18,042,,30,17,042,,26,06,268,*4C
$GPGSV,3,1,11,25,76,041,43,31,43,303,40,12,37,073,43,32,35,238,40*70
$GPGSV,3,3,11,07,18,042,,30,17,042,,26,06,268,*4C
$GPGSV,3,1,11,25,76,041,42,31,43,303,40,12,37,073,42,32,35,238,40*70
$GPGSV,3,3,11,07,18,042,,30,17,042,,26,06,268,*4C
$GPGSV,3,1,11,25,76,041,43,31,43,303,40,12,37,073,43,32,35,238,41*71
$GPGSV,3,3,11,07,18,042,,30,17,042,,26,06,268,*4C
$GPGSV,3,1,11,25,76,041,43,31,43,303,41,12,37,073,43,32,35,238,41*70
$GPGSV,3,3,11,07,18,042,,30,17,042,,26,06,268,*4C
$GPGSV,3,1,11,25,76,041,43,31,43,303,41,12,37,073,43,32,35,238,41*70
$GPGSV,3,3,11,07,18,042,,30,17,042,,26,06,268,*4C
$GPGSV,3,1,11,25,76,041,43,31,43,303,41,12,37,073,43,32,35,238,41*70
$GPGSV,3,3,11,07,18,042,,30,17,042,,26,06,268,*4C
$GPGSV,3,1,11,25,76,041,43,31,43,303,41,12,37,073,43,32,35,238,41*70
$GPGSV,3,3,11,07,18,042,,30,17,042,,26,06,268,*4C
$GPGSV,3,1,11,25,76,041,43,31,43,303,41,12,37,073,43,32,35,238,41*70
$GPGSV,3,3,11,07,18,042,,30,17,042,,26,06,268,*4C
$GPGSV,3,1,11,25,76,041,43,31,43,303,41,12,37,073,43,32,35,238,41*70
$GPGSV,3,3,11,07,18,042,,30,17,042,,26,06,268,*4C
$GPGSV,3,1,11,25,76,041,43,31,43,303,41,12,37,073,43,32,35,238,41*70
$GPGSV,3,3,11,07,18,042,,30,17,042,,26,06,268,*4C
$GPGSV,3,1,11,25,76,041,43,31,43,303,41,12,37,073,43,32,35,238,41*70
$GPGSV,3,3,11,07,18,042,,30,17,042,,26,06,268,*4C
$GPGSV,3,1,11,25,76,041,43,31,43,303,41,12,37,073,43,32,35,238,41*70
$GPGSV,3,3,11,07,18,042,,30,17,042,,26,06,268,*4C
$GPGSV,3,1,11,25,76,041,43,31,43,303,41,12,37,073,43,32,35,238,41*70
$GPGSV,3,3,11,07,18,042,,30,17,042,,26,06,268,*4C
$GPGSV,3,1,11,25,76,041,43,31,43,303,41,12,37,073,43,32,35,238,41*70
$GPGSV,3,3,11,07,18,042,,30,17,042,,26,06,268,*4C
$GPGSV,3,1,11,25,76,041,44,31,43,303,41,12,37,073,43,32,35,238,41*77
$GPGSV,3,3,11,11,42,287,,07,18,042,,30,17,042,*49
$GPGSV,3,1,11,25,76,041,44,31,43,303,41,12,37,073,44,32,35,238,41*70
$GPGSV,3,3,11,11,42,287,,07,18,042,,30,17,042,*49
$GPGSV,3,1,11,25,76,041,45,31,43,303,42,12,37,073,44,32,35,238,41*72
$GPGSV,3,3,11,11,42,287,,07,18,042,,30,17,042,*49
$GPGSV,3,1,11,25,76,041,46,31,43,303,43,12,37,073,44,32,35,238,42*73
$GPGSV,3,3,11,11,42,287,,07,18,042,,30,17,042,*49
$GPGSV,3,1,11,25,76,041,46,31,43,303,43,12,37,073,45,32,35,238,42*72
$GPGSV,3,3,11,07,18,042,,30,17,042,,26,06,268,*4C
$GPGSV,3,1,11,25,76,041,45,31,43,303,42,12,37,073,44,32,35,238,42*71
$GPGSV,3,3,11,07,18,042,,30,17,042,,26,06,268,*4C
$GPGSV,3,1,11,25,76,041,44,31,43,303,41,12,37,073,43,32,35,238,41*77
$GPGSV,3,3,11,11,42,287,,07,18,042,,30,17,042,*49
$GPGSV,3,1,11,25,76,041,43,31,43,303,41,12,37,073,43,32,35,238,40*71
$GPGSV,3,3,11,11,42,287,,07,18,042,,30,17,042,*49
$GPGSV,3,1,11,25,76,041,43,31,43,303,41,12,37,073,43,32,35,238,41*70
$GPGSV,3,3,11,11,42,287,,07,18,042,,30,17,042,*49
$GPGSV,3,1,11,25,76,041,44,31,43,303,41,12,37,073,43,32,35,238,41*77
$GPGSV,3,3,11,11,42,287,,07,18,042,,30,17,042,*49
$GPGSV,3,1,11,25,76,041,44,31,43,303,41,12,37,073,43,32,35,238,41*77
$GPGSV,3,3,11,11,42,287,,07,18,042,,30,17,042,*49
$GPGSV,3,1,11,25,76,041,44,31,43,303,41,12,37,073,43,32,35,238,41*77
$GPGSV,3,3,11,11,42,287,,07,18,042,,30,17,042,*49
$GPGSV,3,1,11,25,76,041,44,31,43,303,41,12,37,073,44,32,35,238,41*70
$GPGSV,3,3,11,07,18,042,,30,17,042,,26,06,268,*4C
$GPGSV,3,1,11,25,75,045,44,31,44,302,41,12,36,073,44,32,34,236,41*7F
$GPGSV,3,3,11,07,17,041,,30,16,041,,26,07,269,*42
$GPGSV,3,1,11,25,75,045,44,31,44,302,41,12,36,073,44,32,34,236,41*7F
$GPGSV,3,3,11,07,17,041,,30,16,041,,26,07,269,*42
$GPGSV,3,1,11,25,75,045,44,31,44,302,41,12,36,073,43,32,34,236,41*78
$GPGSV,3,3,11,11,42,286,,07,17,041,,30,16,041,*46
$GPGSV,3,1,11,25,75,045,44,31,44,302,40,12,36,073,42,32,34,236,41*78
$GPGSV,3,3,11,11,42,286,,07,17,041,,30,16,041,*46
$GPGSV,3,1,11,25,75,045,44,31,44,302,40,12,36,073,42,32,34,236,40*79
$GPGSV,3,3,11,07,17,041,,30,16,041,,26,07,269,*42
$GPGSV,3,1,11,25,75,045,44,31,44,302,40,12,36,073,42,32,34,236,41*78
$GPGSV,3,3,11,07,17,041,,30,16,041,,26,07,269,*42
$GPGSV,3,1,11,25,75,045,44,31,44,302,41,12,36,073,43,32,34,236,41*78
$GPGSV,3,3,11,07,17,041,,30,16,041,,26,07,269,*42
$GPGSV,3,1,11,25,75,045,44,31,44,302,42,12,36,073,43,32,34,236,41*7B
$GPGSV,3,3,11,07,17,041,,30,16,041,,26,07,269,*42
$GPGSV,3,1,11,25,75,045,44,31,44,302,42,12,36,073,43,32,34,236,42*78
$GPGSV,3,3,11,07,17,041,,30,16,041,,26,07,269,*42
$GPGSV,3,1,11,25,75,045,43,31,44,302,42,12,36,073,43,32,34,236,42*7F
$GPGSV,3,3,11,07,17,041,,30,16,041,,26,07,269,*42
$GPGSV,3,1,11,25,75,045,43,31,44,302,42,12,36,073,43,32,34,236,41*7C
$GPGSV,3,3,11,11,42,286,,07,17,041,,30,16,041,*46
$GPGSV,3,1,11,25,75,045,43,31,44,302,42,12,36,073,43,32,34,236,41*7C
$GPGSV,3,3,11,07,17,041,,30,16,041,,26,07,269,*42
$GPGSV,3,1,12,25,75,045,44,31,44,302,42,12,36,073,43,32,34,236,41*78
$GPGSV,3,3,12,11,42,286,,07,17,041,,30,16,041,,26,07,269,*7B
$GPGSV,3,1,12,25,75,045,43,31,44,302,42,12,36,073,43,32,34,236,41*7F
$GPGSV,3,3,12,11,42,286,,07,17,041,,30,16,041,,26,07,269,*7B
$GPGSV,3,1,12,25,75,045,43,31,44,302,41,12,36,073,43,32,34,236,41*7C
$GPGSV,3,3,12,09,55,060,,11,42,286,,07,17,041,,30,16,041,*7A
$GPGSV,3,1,12,25,75,045,43,31,44,302,41,12,36,073,43,32,34,236,41*7C
$GPGSV,3,3,12,11,42,286,,07,17,041,,30,16,041,,26,07,269,*7B
$GPGSV,3,2,12,02,28,065,38,24,09,137,32,06,00,000,34,09,55,060,*7E
$GPGSV,3,2,12,02,28,065,38,24,09,137,32,06,00,000,34,09,55,060,*7E
$GPGSV,3,2,12,02,28,065,38,24,09,137,31,06,00,000,33,09,55,060,*7A
$GPGSV,3,2,12,02,28,064,38,06,09,028,33,24,08,137,31,09,54,060,*78
$GPGSV,3,2,12,02,28,064,38,06,09,028,32,24,08,137,31,09,54,060,*79
$GPGSV,3,2,12,02,28,064,38,06,09,028,32,24,08,137,31,09,54,060,*79
$GPGSV,3,2,12,02,28,064,38,06,09,028,32,24,08,137,31,09,54,060,*79
$GPGSV,3,2,12,02,28,064,38,06,09,028,32,24,08,137,31,09,54,060,*79
$GPGSV,3,2,12,02,28,064,38,06,09,028,32,24,08,137,31,09,54,060,*79
$GPGSV,3,2,12,02,28,064,38,06,09,028,32,24,08,137,31,09,54,060,*79
$GPGSV,3,2,12,02,28,064,38,06,09,028,32,24,08,137,30,09,54,060,*78
$GPGSV,3,2,12,02,28,064,38,06,09,028,32,24,08,137,30,09,54,060,*78
$GPGSV,3,2,12,02,28,064,38,06,09,028,32,24,08,137,30,09,54,060,*78
$GPGSV,3,2,12,02,28,064,38,06,09,028,32,24,08,137,30,09,54,060,*78
$GPGSV,3,2,12,02,28,064,38,06,09,028,32,24,08,137,30,09,54,060,*78
$GPGSV,3,2,12,02,28,064,38,06,09,028,32,24,08,137,30,09,54,060,*78
$GPGSV,3,2,12,02,28,064,38,06,09,028,32,24,08,137,30,26,08,269,13*75
$GPGSV,3,2,12,02,28,064,38,06,09,028,32,24,08,137,29,26,08,269,12*7C
$GPGSV,3,2,12,02,28,064,38,06,09,028,32,24,08,137,29,26,08,269,08*77
$GPGSV,3,2,12,02,28,064,38,06,09,028,33,24,08,137,29,26,08,269,10*7F
$GPGSV,3,2,12,02,28,064,38,06,09,028,33,24,08,137,29,26,08,269,08*76
$GPGSV,3,2,12,02,28,064,38,06,09,028,33,24,08,137,29,26,08,269,08*76
$GPGSV,3,2,12,02,28,064,38,06,09,028,33,24,08,137,29,26,08,269,07*79
$GPGSV,3,2,12,02,28,064,38,06,09,028,33,24,08,137,28,26,08,269,08*77
$GPGSV,3,2,12,02,28,064,38,06,09,028,33,24,08,137,28,09,54,060,*70
$GPGSV,3,2,12,02,28,064,38,06,09,028,33,24,08,137,28,09,54,060,*70
$GPGSV,3,2,12,02,28,064,38,06,09,028,33,24,08,137,28,09,54,060,*70
$GPGSV,3,2,12,02,28,064,38,06,09,028,33,24,08,137,28,09,54,060,*70
$GPGSV,3,2,12,02,28,064,38,06,09,028,33,24,08,137,27,09,54,060,*7F
$GPGSV,3,2,12,02,28,064,38,06,09,028,32,24,08,137,27,09,54,060,*7E
$GPGSV,3,2,12,02,28,064,38,06,09,028,32,24,08,137,27,09,54,060,*7E
$GPGSV,3,2,12,02,28,064,38,06,09,028,32,24,08,137,27,09,54,060,*7E
$GPGSV,3,2,12,02,28,064,38,06,09,028,32,24,08,137,27,09,54,060,*7E
$GPGSV,3,2,12,02,28,064,38,06,09,028,32,24,08,137,27,09,54,060,*7E
$GPGSV,3,2,12,02,28,064,38,06,09,028,32,24,08,137,27,09,54,060,*7E
$GPGSV,3,2,12,02,28,064,38,06,09,028,32,24,08,137,27,09,54,060,*7E
$GPGSV,3,2,12,02,28,064,38,06,09,028,32,24,08,137,27,09,54,060,*7E
$GPGSV,3,2,12,02,28,064,38,06,09,028,32,24,08,137,26,09,54,060,*7F
$GPGSV,3,2,12,02,28,064,38,06,09,028,32,24,08,137,26,09,54,060,*7F
$GPGSV,3,2,12,02,28,063,38,06,08,027,32,24,07,138,25,09,53,061,*73
$GPGSV,3,2,12,02,28,063,38,06,08,027,32,24,07,138,25,09,53,061,*73
$GPGSV,3,2,12,02,28,063,38,06,08,027,32,24,07,138,25,09,53,061,*73
$GPGSV,3,2,12,02,28,063,38,06,08,027,31,24,07,138,25,09,53,061,*70
$GPGSV,3,2,12,02,28,063,37,06,08,027,31,24,07,138,24,09,53,061,*7E
$GPGSV,3,2,12,02,28,063,37,06,08,027,31,24,07,138,24,09,53,061,*7E
$GPGSV,3,2,12,02,28,063,38,06,08,027,31,24,07,138,23,09,53,061,*76
$GPGSV,3,2,12,02,28,063,38,06,08,027,31,24,07,138,23,09,53,061,*76
$GPGSV,3,2,12,02,28,063,38,06,08,027,30,24,07,138,23,09,53,061,*77
$GPGSV,3,2,12,02,28,063,38,06,08,027,30,24,07,138,23,09,53,061,*77
$GPGSV,3,2,12,02,28,063,37,06,08,027,30,24,07,138,23,09,53,061,*78
$GPGSV,3,2,12,02,28,063,37,06,08,027,30,24,07,138,22,09,53,061,*79
$GPGSV,3,2,12,02,28,063,38,06,08,027,31,24,07,138,23,09,53,061,*76
$GPGSV,3,2,12,02,28,063,40,06,08,027,32,24,07,138,24,09,53,061,*7D
$GPGSV,3,2,12,02,28,063,41,06,08,027,32,24,07,138,25,09,53,061,*7D
$GPGSV,3,2,12,02,28,063,41,06,08,027,33,24,07,138,25,09,53,061,*7C
$GPGSV,3,2,12,02,28,063,41,06,08,027,34,24,07,138,26,09,53,061,*78
$GPGSV,3,2,12,02,28,063,42,06,08,027,34,24,07,138,26,09,53,061,*7B
$GPGSV,3,2,12,02,28,063,42,06,08,027,34,24,07,138,26,09,53,061,*7B
$GPGSV,3,2,12,02,28,063,42,06,08,027,34,24,07,138,25,09,53,061,*78
$GPGSV,3,2,12,02,28,063,42,06,08,027,34,24,07,138,25,09,53,061,*78
$GPGSV,3,2,12,02,28,063,42,06,08,027,34,24,07,138,24,09,53,061,*79
$GPGSV,3,2,12,02,28,063,42,06,08,027,34,24,07,138,24,09,53,061,*79
$GPGSV,3,2,12,02,28,063,42,06,08,027,34,24,07,138,24,09,53,061,*79
$GPGSV,3,2,12,02,28,063,42,06,08,027,34,24,07,138,23,09,53,061,*7E
$GPGSV,3,2,12,02,28,063,42,06,08,027,34,24,07,138,23,09,53,061,*7E
$GPGSV,3,2,12,02,28,063,42,06,08,027,34,24,07,138,23,09,53,061,*7E
$GPGSV,3,2,12,02,28,063,42,06,08,027,35,24,07,138,22,09,53,061,*7E
$GPGSV,3,2,12,02,28,063,42,06,08,027,35,24,07,138,22,09,53,061,*7E
$GPGSV,3,2,12,02,28,063,41,06,08,027,34,24,07,138,22,09,53,061,*7C
$GPGSV,3,2,12,02,28,063,41,06,08,027,34,24,07,138,22,09,53,061,*7C
$GPGSV,3,2,12,02,28,063,41,06,08,027,34,24,07,138,23,09,53,061,*7D
$GPGSV,3,2,12,02,28,063,41,06,08,027,34,24,07,138,23,09,53,061,*7D
$GPGSV,3,2,12,02,28,063,42,06,08,027,34,24,07,138,23,09,53,061,*7E
$GPGSV,3,2,12,02,28,063,42,06,08,027,34,24,07,138,23,09,53,061,*7E
$GPGSV,3,2,12,02,28,063,42,06,08,027,34,24,07,138,22,09,53,061,*7F
$GPGSV,3,2,12,02,27,062,42,06,07,027,33,24,06,138,21,09,52,061,*7A
$GPGSV,3,2,12,02,27,062,42,06,07,027,33,24,06,138,20,09,52,061,*7B
$GPGSV,3,2,12,02,27,062,42,06,07,027,33,24,06,138,20,09,52,061,*7B
$GPGSV,3,2,12,02,27,062,42,06,07,027,33,24,06,138,20,09,52,061,*7B
$GPGSV,3,2,12,02,27,062,42,06,07,027,32,24,06,138,20,09,52,061,*7A
$GPGSV,3,2,12,02,27,062,42,06,07,027,32,24,06,138,20,09,52,061,*7A
$GPGSV,3,2,12,02,27,062,42,06,07,027,31,24,06,138,20,09,52,061,*79
$GPGSV,3,2,12,02,27,062,41,06,07,027,31,24,06,138,18,26,10,271,18*70
$GPGSV,3,2,12,02,27,062,42,06,07,027,31,24,06,138,18,09,52,061,*72
$GPGSV,3,2,12,02,27,062,42,06,07,027,30,24,06,138,17,09,52,061,*7C
$GPGSV,3,2,12,02,27,062,42,06,07,027,31,24,06,138,18,09,52,061,*72
$GPGSV,3,2,12,02,27,062,42,06,07,027,31,24,06,138,18,09,52,061,*72
$GPGSV,3,2,12,02,27,062,42,06,07,027,30,24,06,138,18,09,52,061,*73
$GPGSV,3,2,12,02,27,062,42,06,07,027,30,24,06,138,18,09,52,061,*73
$GPGSV,3,2,12,02,27,062,42,06,07,027,30,24,06,138,17,09,52,061,*7C
$GPGSV,3,2,12,02,27,062,42,06,07,027,31,24,06,138,15,09,52,061,*7F
$GPGSV,3,2,12,02,27,062,42,06,07,027,31,24,06,138,14,09,52,061,*7E
$GPGSV,3,2,12,02,27,062,42,06,07,027,32,24,06,138,15,09,52,061,*7C
$GPGSV,3,2,12,02,27,062,42,06,07,027,32,24,06,138,17,09,52,061,*7E
$GPGSV,3,2,12,02,27,062,42,06,07,027,33,24,06,138,19,09,52,061,*71
$GPGSV,3,2,12,02,27,062,42,06,07,027,34,24,06,138,20,26,10,271,07*73
$GPGSV,3,2,12,02,27,062,42,06,07,027,34,24,06,138,20,26,10,271,14*71
$GPGSV,3,2,12,02,27,062,42,06,07,027,34,24,06,138,20,09,52,061,*7C
$GPGSV,3,2,12,02,27,062,42,06,07,027,34,24,06,138,20,09,52,061,*7C
$GPGSV,3,2,12,02,27,062,42,06,07,027,35,24,06,138,19,09,52,061,*77
$GPGSV,3,2,12,02,27,062,42,06,07,027,35,24,06,138,18,09,52,061,*76
$GPGSV,3,2,12,02,27,062,42,06,07,027,35,24,06,138,17,26,10,271,22*71
$GPGSV,3,2,12,02,27,062,42,06,07,027,35,24,06,138,18,26,10,271,23*7F
$GPGSV,3,2,12,02,27,062,42,06,07,027,35,24,06,138,18,26,10,271,22*7E
$GPGSV,3,2,12,02,27,062,42,06,07,027,36,24,06,138,19,26,10,271,22*7C
$GPGSV,3,2,12,02,27,062,42,06,07,027,36,24,06,138,19,26,10,271,22*7C
$GPGSV,3,2,12,02,27,062,42,06,07,027,36,24,06,138,20,26,10,271,22*76
$GPGSV,3,2,12,02,27,062,42,06,07,027,36,24,06,138,20,26,10,271,22*76
$GPGSV,3,2,12,02,27,062,42,06,07,027,36,24,06,138,19,26,10,271,22*7C
$GPGSV,3,2,12,02,27,062,42,06,07,027,36,24,06,138,19,26,10,271,23*7D
$GPGSV,3,2,12,02,27,062,42,06,07,027,36,24,06,138,19,26,10,271,22*7C
$GPGSV,3,2,12,02,27,060,42,06,07,026,36,24,05,138,19,26,11,271,22*7D
$GPGSV,3,2,12,02,27,060,42,06,07,026,36,24,05,138,18,26,11,271,22*7C
$GPGSV,3,2,12,02,27,060,42,06,07,026,36,24,05,138,18,26,11,271,22*7C
$GPGSV,3,2,12,02,27,060,42,06,07,026,36,24,05,138,17,26,11,271,23*72
$GPGSV,3,2,12,02,27,060,42,06,07,026,36,24,05,138,17,26,11,271,23*72
$GPGSV,3,2,12,02,27,060,42,06,07,026,36,24,05,138,15,26,11,271,23*70
$GPGSV,3,2,12,02,27,060,42,06,07,026,36,24,05,138,15,26,11,271,23*70
$GPGSV,3,2,12,02,27,060,42,06,07,026,36,24,05,138,14,26,11,271,22*70
$GPGSV,3,2,12,02,27,060,42,06,07,026,36,24,05,138,15,26,11,271,22*71
$GPGSV,3,2,12,02,27,060,42,06,07,026,36,24,05,138,15,26,11,271,22*71
$GPGSV,3,1,12,25,71,056,46,31,49,301,45,12,32,076,45,32,31,232,43*71
$GPGSV,3,3,12,09,50,061,,11,44,279,,07,13,040,,30,12,039,*76
$GPGSV,3,1,12,25,71,056,46,31,49,301,45,12,32,076,45,32,31,232,43*71
$GPGSV,3,3,12,09,50,061,,11,44,279,,07,13,040,,30,12,039,*76
$GPGSV,3,1,12,25,71,056,46,31,49,301,45,12,32,076,44,32,31,232,43*70
$GPGSV,3,3,12,11,44,279,,07,13,040,,30,12,039,,24,05,138,*74
$GPGSV,3,1,12,25,71,056,45,31,49,301,44,12,32,076,44,32,31,232,42*73
$GPGSV,3,3,12,11,44,279,,07,13,040,,30,12,039,,24,05,138,*74
$GPGSV,3,1,12,25,71,056,46,31,49,301,44,12,32,076,44,32,31,232,43*71
$GPGSV,3,3,12,11,44,279,,07,13,040,,30,12,039,,24,05,138,*74
$GPGSV,3,1,12,25,71,056,46,31,49,301,44,12,32,076,44,32,31,232,43*71
$GPGSV,3,3,12,09,50,061,,11,44,279,,07,13,040,,30,12,039,*76
$GPGSV,3,1,12,25,71,056,46,31,49,301,44,12,32,076,44,32,31,232,43*71
$GPGSV,3,3,12,11,44,279,,07,13,040,,30,12,039,,24,05,138,*74
$GPGSV,3,1,12,25,71,056,46,31,49,301,44,12,32,076,44,32,31,232,42*70
$GPGSV,3,3,12,09,50,061,,11,44,279,,07,13,040,,30,12,039,*76
$GPGSV,3,1,12,25,71,056,46,31,49,301,44,12,32,076,44,32,31,232,42*70
$GPGSV,3,3,12,09,50,061,,11,44,279,,07,13,040,,30,12,039,*76
$GPGSV,3,1,12,25,71,056,45,31,49,301,42,12,32,076,42,32,31,232,40*71
$GPGSV,3,3,12,09,50,061,,11,44,279,,07,13,040,,30,12,039,*76
$GPGSV,3,1,12,25,71,056,44,31,49,301,41,12,32,076,42,32,31,232,40*73
$GPGSV,3,3,12,09,50,061,,11,44,279,,07,13,040,,30,12,039,*76
$GPGSV,3,1,12,25,71,056,43,31,49,301,41,12,32,076,42,32,31,232,39*7A
$GPGSV,3,3,12,09,50,061,,11,44,279,,07,13,040,,30,12,039,*76
$GPGSV,3,1,12,25,71,056,44,31,49,301,41,12,32,076,42,32,31,232,39*7D
$GPGSV,3,3,12,09,50,061,,11,44,279,,07,13,040,,30,12,039,*76
$GPGSV,3,1,12,25,71,056,43,31,49,301,40,12,32,076,42,32,31,232,39*7B
$GPGSV,3,3,12,09,50,061,,11,44,279,,07,13,040,,30,12,039,*76
$GPGSV,3,1,12,25,71,056,44,31,49,301,40,12,32,076,42,32,31,232,39*7C
$GPGSV,3,3,12,09,50,061,,11,44,279,,07,13,040,,30,12,039,*76
$GPGSV,3,1,12,25,71,056,44,31,49,301,40,12,32,076,42,32,31,232,39*7C
$GPGSV,3,3,12,09,50,061,,11,44,279,,07,13,040,,30,12,039,*76
$GPGSV,3,1,12,25,71,056,44,31,49,301,40,12,32,076,33,32,31,232,39*7A
$GPGSV,3,3,12,09,50,061,,11,44,279,,07,13,040,,30,12,039,*76
$GPGSV,3,1,12,25,71,056,37,31,49,301,41,12,32,076,30,32,31,232,41*73
$GPGSV,3,3,12,09,50,061,,11,44,279,,07,13,040,,30,12,039,*76
$GPGSV,3,1,12,25,71,056,36,31,49,301,41,12,32,076,30,32,31,232,40*73
$GPGSV,3,3,12,09,50,061,,11,44,279,,07,13,040,,30,12,039,*76
$GPGSV,3,1,12,25,71,056,36,31,49,301,41,12,32,076,21,32,31,232,41*72
$GPGSV,3,3,12,09,50,061,,11,44,279,,07,13,040,,30,12,039,*76
$GPGSV,3,1,12,25,71,056,36,31,49,301,41,12,32,076,22,32,31,232,41*71
$GPGSV,3,3,12,09,50,061,,11,44,279,,07,13,040,,30,12,039,*76
$GPGSV,3,1,12,25,71,056,36,31,49,301,41,12,32,076,23,32,31,232,40*71
$GPGSV,3,3,12,09,50,061,,11,44,279,,07,13,040,,30,12,039,*76
$GPGSV,3,1,12,25,71,056,36,31,49,301,41,12,32,076,25,32,31,232,41*76
$GPGSV,3,3,12,09,50,061,,11,44,279,,07,13,040,,30,12,039,*76
$GPGSV,3,1,12,25,71,056,33,31,49,301,40,12,32,076,33,32,31,232,40*74
$GPGSV,3,3,12,11,44,279,,07,13,040,,30,12,039,,24,05,138,*74
$GPGSV,3,1,12,25,71,056,39,31,49,301,40,12,32,076,32,32,31,232,39*71
$GPGSV,3,3,12,11,44,279,,07,13,040,,30,12,039,,24,05,138,*74
$GPGSV,3,1,12,25,71,056,39,31,49,301,40,12,32,076,32,32,31,232,39*71
$GPGSV,3,3,12,09,50,061,,11,44,279,,07,13,040,,30,12,039,*76
$GPGSV,3,1,12,25,70,059,39,31,50,300,40,12,31,077,25,32,29,231,39*78
$GPGSV,3,3,12,09,49,061,,11,44,277,,07,12,040,,30,11,039,*72
$GPGSV,3,1,12,25,70,059,38,31,50,300,40,12,31,077,23,32,29,231,39*7F
$GPGSV,3,3,12,09,49,061,,11,44,277,,07,12,040,,30,11,039,*72
$GPGSV,3,1,12,25,70,059,38,31,50,300,40,12,31,077,29,32,29,231,38*74
$GPGSV,3,3,12,09,49,061,,11,44,277,,07,12,040,,30,11,039,*72
$GPGSV,3,1,12,25,70,059,40,31,50,300,42,12,31,077,33,32,29,231,40*7D
$GPGSV,3,3,12,09,49,061,,11,44,277,,07,12,040,,30,11,039,*72
$GPGSV,3,1,12,25,70,059,41,31,50,300,43,12,31,077,33,32,29,231,41*7C
$GPGSV,3,3,12,09,49,061,,11,44,277,,07,12,040,,30,11,039,*72
$GPGSV,3,1,12,25,70,059,41,31,50,300,42,12,31,077,33,32,29,231,41*7D
$GPGSV,3,3,12,09,49,061,,11,44,277,,07,12,040,,30,11,039,*72
$GPGSV,3,1,12,25,70,059,42,31,50,300,42,12,31,077,38,32,29,231,42*76
$GPGSV,3,3,12,09,49,061,,11,44,277,,07,12,040,,30,11,039,*72
$GPGSV,3,1,12,25,70,059,45,31,50,300,43,12,31,077,40,32,29,231,42*7F
$GPGSV,3,3,12,11,44,277,,07,12,040,,30,11,039,,24,04,139,*78
$GPGSV,3,1,12,25,70,059,45,31,50,300,43,12,31,077,43,32,29,231,42*7C
$GPGSV,3,3,12,11,44,277,,07,12,040,,30,11,039,,24,04,139,*78
$GPGSV,3,1,12,25,70,059,46,31,50,300,43,12,31,077,43,32,29,231,42*7F
$GPGSV,3,3,12,11,44,277,,07,12,040,,30,11,039,,24,04,139,*78
$GPGSV,3,1,12,25,70,059,46,31,50,300,43,12,31,077,44,32,29,231,42*78
$GPGSV,3,3,12,11,44,277,,07,12,040,,30,11,039,,24,04,139,*78
$GPGSV,3,1,12,25,70,059,46,31,50,300,43,12,31,077,44,32,29,231,42*78
$GPGSV,3,3,12,11,44,277,,07,12,040,,30,11,039,,24,04,139,*78
$GPGSV,3,1,12,25,70,059,46,31,50,300,43,12,31,077,44,32,29,231,42*78
$GPGSV,3,3,12,11,44,277,,07,12,040,,30,11,039,,24,04,139,*78
$GPGSV,3,1,12,25,70,059,46,31,50,300,43,12,31,077,44,32,29,231,42*78
$GPGSV,3,3,12,11,44,277,,07,12,040,,30,11,039,,24,04,139,*78
$GPGSV,3,1,12,25,70,059,46,31,50,300,43,12,31,077,44,32,29,231,42*78
$GPGSV,3,3,12,11,44,277,,07,12,040,,30,11,039,,24,04,139,*78
$GPGSV,3,1,12,25,70,059,46,31,50,300,43,12,31,077,44,32,29,231,42*78
$GPGSV,3,3,12,09,49,061,,11,44,277,,07,12,040,,30,11,039,*72
$GPGSV,3,1,12,25,70,059,46,31,50,300,43,12,31,077,44,32,29,231,42*78
$GPGSV,3,3,12,11,44,277,,07,12,040,,30,11,039,,24,04,139,*78
$GPGSV,3,1,12,25,70,060,46,31,51,300,43,12,30,078,44,32,29,231,42*7D
$GPGSV,3,3,12,11,44,276,,07,11,040,,30,11,039,,24,03,139,*7D
$GPGSV,3,1,12,25,70,060,46,31,51,300,43,12,30,078,44,32,29,231,42*7D
$GPGSV,3,3,12,11,44,276,,07,11,040,,30,11,039,,24,03,139,*7D
$GPGSV,3,1,12,25,70,060,46,31,51,300,43,12,30,078,44,32,29,231,42*7D
$GPGSV,3,3,12,11,44,276,,07,11,040,,30,11,039,,24,03,139,*7D
$GPGSV,3,1,12,25,70,060,46,31,51,300,43,12,30,078,44,32,29,231,42*7D
$GPGSV,3,3,12,11,44,276,,07,11,040,,30,11,039,,24,03,139,*7D
$GPGSV,3,1,12,25,70,060,46,31,51,300,43,12,30,078,44,32,29,231,42*7D
$GPGSV,3,3,12,09,48,061,,11,44,276,,07,11,040,,30,11,039,*71
$GPGSV,3,1,12,25,70,060,46,31,51,300,43,12,30,078,44,32,29,231,42*7D
$GPGSV,3,3,12,09,48,061,,11,44,276,,07,11,040,,30,11,039,*71
$GPGSV,3,1,12,25,70,060,46,31,51,300,43,12,30,078,44,32,29,231,42*7D
$GPGSV,3,3,12,09,48,061,,11,44,276,,07,11,040,,30,11,039,*71
$GPGSV,3,1,12,25,70,060,46,31,51,300,43,12,30,078,44,32,29,231,42*7D
$GPGSV,3,3,12,11,44,276,,07,11,040,,30,11,039,,24,03,139,*7D
$GPGSV,3,1,12,25,70,060,46,31,51,300,43,12,30,078,44,32,29,231,42*7D
$GPGSV,3,3,12,11,44,276,,07,11,040,,30,11,039,,24,03,139,*7D
$GPGSV,3,1,12,25,70,060,46,31,51,300,43,12,30,078,44,32,29,231,42*7D
$GPGSV,3,3,12,11,44,276,,07,11,040,,30,11,039,,24,03,139,*7D
$GPGSV,3,1,12,25,70,060,46,31,51,300,43,12,30,078,40,32,29,231,42*79
$GPGSV,3,3,12,11,44,276,,07,11,040,,30,11,039,,24,03,139,*7D
$GPGSV,3,1,12,25,70,060,46,31,51,300,43,12,30,078,43,32,29,231,42*7A
$GPGSV,3,3,12,11,44,276,,07,11,040,,30,11,039,,24,03,139,*7D
$GPGSV,3,1,12,25,70,060,46,31,51,300,44,12,30,078,38,32,29,231,42*71
$GPGSV,3,3,12,11,44,276,,07,11,040,,30,11,039,,24,03,139,*7D
$GPGSV,3,1,12,25,70,060,46,31,51,300,44,12,30,078,42,32,29,231,42*7C
$GPGSV,3,3,12,11,44,276,,07,11,040,,30,11,039,,24,03,139,*7D
$GPGSV,3,1,12,25,70,060,46,31,51,300,43,12,30,078,43,32,29,231,42*7A
$GPGSV,3,3,12,11,44,276,,07,11,040,,30,11,039,,24,03,139,*7D
$GPGSV,3,1,12,25,70,060,46,31,51,300,43,12,30,078,44,32,29,231,42*7D
$GPGSV,3,3,12,11,44,276,,07,11,040,,30,11,039,,24,03,139,*7D
$GPGSV,3,1,12,25,70,060,46,31,51,300,43,12,30,078,44,32,29,231,42*7D
$GPGSV,3,3,12,11,44,276,,07,11,040,,30,11,039,,24,03,139,*7D
$GPGSV,3,1,12,25,70,060,46,31,51,300,44,12,30,078,44,32,29,231,42*7A
$GPGSV,3,3,12,11,44,276,,07,11,040,,30,11,039,,24,03,139,*7D
$GPGSV,3,1,12,25,70,060,46,31,51,300,44,12,30,078,44,32,29,231,42*7A
$GPGSV,3,3,12,11,44,276,,07,11,040,,30,11,039,,24,03,139,*7D
$GPGSV,3,1,12,25,70,060,46,31,51,300,44,12,30,078,44,32,29,231,42*7A
$GPGSV,3,3,12,11,44,276,,07,11,040,,30,11,039,,24,03,139,*7D
$GPGSV,3,1,12,25,70,060,46,31,51,300,44,12,30,078,44,32,29,231,42*7A
$GPGSV,3,3,12,11,44,276,,07,11,040,,30,11,039,,24,03,139,*7D
$GPGSV,3,1,12,25,70,060,46,31,51,300,44,12,30,078,44,32,29,231,42*7A
$GPGSV,3,3,12,09,48,061,,11,44,276,,07,11,040,,30,11,039,*71
$GPGSV,3,1,12,25,70,060,46,31,51,300,44,12,30,078,44,32,29,231,42*7A
$GPGSV,3,3,12,09,48,061,,11,44,276,,07,11,040,,30,11,039,*71
$GPGSV,3,1,12,25,70,060,46,31,51,300,43,12,30,078,44,32,29,231,42*7D
$GPGSV,3,3,12,09,48,061,,11,44,276,,07,11,040,,30,11,039,*71
$GPGSV,3,1,12,25,70,060,46,31,51,300,43,12,30,078,43,32,29,231,42*7A
$GPGSV,3,3,12,09,48,061,,11,44,276,,07,11,040,,30,11,039,*71
$GPGSV,3,1,12,25,70,060,46,31,51,300,43,12,30,078,43,32,29,231,42*7A
$GPGSV,3,3,12,11,44,276,,07,11,040,,30,11,039,,24,03,139,*7D
$GPGSV,3,1,12,25,70,060,46,31,51,300,43,12,30,078,43,32,29,231,42*7A
$GPGSV,3,3,12,11,44,276,,07,11,040,,30,11,039,,24,03,139,*7D
$GPGSV,3,1,12,25,70,060,46,31,51,300,43,12,30,078,43,32,29,231,42*7A
$GPGSV,3,3,12,11,44,276,,07,11,040,,30,11,039,,24,03,139,*7D
$GPGSV,3,1,12,25,70,060,46,31,51,300,38,12,30,078,44,32,29,231,42*71
$GPGSV,3,3,12,11,44,276,,07,11,040,,30,11,039,,24,03,139,*7D
$GPGSV,3,1,12,25,70,060,47,31,51,300,42,12,30,078,42,32,29,231,42*7B
$GPGSV,3,3,12,11,44,276,,07,11,040,,30,11,039,,24,03,139,*7D
$GPGSV,3,1,12,25,70,060,47,31,51,300,42,12,30,078,42,32,29,231,42*7B
$GPGSV,3,3,12,11,44,276,,07,11,040,,30,11,039,,24,03,139,*7D
$GPGSV,3,1,12,25,70,060,47,31,51,300,41,12,30,078,42,32,29,231,42*78
$GPGSV,3,3,12,11,44,276,,07,11,040,,30,11,039,,24,03,139,*7D
$GPGSV,3,1,12,25,70,060,47,31,51,300,41,12,30,078,42,32,29,231,42*78
$GPGSV,3,3,12,11,44,276,,07,11,040,,30,11,039,,24,03,139,*7D
$GPGSV,3,1,12,25,70,060,47,31,51,300,40,12,30,078,42,32,29,231,42*79
$GPGSV,3,3,12,11,44,276,,07,11,040,,30,11,039,,24,03,139,*7D
$GPGSV,3,1,12,25,70,060,45,31,51,300,42,12,30,078,42,32,29,231,42*79
$GPGSV,3,3,12,11,44,276,,07,11,040,,30,11,039,,24,03,139,*7D
$GPGSV,3,1,12,25,70,060,44,31,51,300,43,12,30,078,40,32,29,231,43*7A
$GPGSV,3,3,12,11,44,276,,07,11,040,,30,11,039,,24,03,139,*7D
$GPGSV,3,1,12,25,68,063,44,31,52,299,43,12,29,079,40,32,28,230,43*7B
$GPGSV,3,3,12,09,47,062,,11,44,274,,07,10,040,,30,10,038,*7E
$GPGSV,3,1,12,25,68,063,44,31,52,299,44,12,29,079,39,32,28,230,42*73
$GPGSV,3,3,12,09,47,062,,11,44,274,,07,10,040,,30,10,038,*7E
$GPGSV,3,1,12,25,68,063,44,31,52,299,44,12,29,079,38,32,28,230,42*72
$GPGSV,3,3,12,09,47,062,,11,44,274,,07,10,040,,30,10,038,*7E
$GPGSV,3,1,12,25,68,063,44,31,52,299,44,12,29,079,38,32,28,230,42*72
$GPGSV,3,3,12,09,47,062,,11,44,274,,07,10,040,,30,10,038,*7E
$GPGSV,3,1,12,25,68,063,44,31,52,299,44,12,29,079,39,32,28,230,42*73
$GPGSV,3,3,12,09,47,062,,11,44,274,,07,10,040,,30,10,038,*7E
$GPGSV,3,1,12,25,68,063,44,31,52,299,44,12,29,079,39,32,28,230,42*73
$GPGSV,3,3,12,09,47,062,,11,44,274,,07,10,040,,30,10,038,*7E
$GPGSV,3,1,12,25,68,063,43,31,52,299,43,12,29,079,39,32,28,230,42*73
$GPGSV,3,3,12,11,44,274,,07,10,040,,30,10,038,,24,02,139,*7F
$GPGSV,3,1,12,25,68,063,43,31,52,299,43,12,29,079,38,32,28,230,42*72
$GPGSV,3,3,12,11,44,274,,07,10,040,,30,10,038,,24,02,139,*7F
$GPGSV,3,1,12,25,68,063,43,31,52,299,43,12,29,079,38,32,28,230,42*72
$GPGSV,3,3,12,11,44,274,,07,10,040,,30,10,038,,24,02,139,*7F
$GPGSV,3,1,12,25,68,063,43,31,52,299,43,12,29,079,38,32,28,230,42*72
$GPGSV,3,3,12,11,44,274,,07,10,040,,30,10,038,,24,02,139,*7F
$GPGSV,3,1,12,25,68,063,45,31,52,299,43,12,29,079,37,32,28,230,42*7B
$GPGSV,3,3,12,11,44,274,,07,10,040,,30,10,038,,24,02,139,*7F
$GPGSV,3,1,12,25,68,063,46,31,52,299,43,12,29,079,35,32,28,230,42*7A
$GPGSV,3,3,12,11,44,274,,07,10,040,,30,10,038,,24,02,139,*7F
$GPGSV,3,1,12,25,68,063,46,31,52,299,43,12,29,079,29,32,28,230,43*76
$GPGSV,3,3,12,11,44,274,,07,10,040,,30,10,038,,24,02,139,*7F
$GPGSV,3,1,12,25,68,063,45,31,52,299,43,12,29,079,37,32,28,230,42*7B
$GPGSV,3,3,12,11,44,274,,07,10,040,,30,10,038,,24,02,139,*7F
$GPGSV,3,1,12,25,68,063,44,31,52,299,43,12,29,079,40,32,28,230,42*7A
$GPGSV,3,3,12,11,44,274,,07,10,040,,30,10,038,,24,02,139,*7F
$GPGSV,3,1,12,25,68,063,43,31,52,299,42,12,29,079,40,32,28,230,42*7C
$GPGSV,3,3,12,11,44,274,,07,10,040,,30,10,038,,24,02,139,*7F
$GPGSV,3,1,12,25,68,063,42,31,52,299,42,12,29,079,40,32,28,230,41*7E
$GPGSV,3,3,12,11,44,274,,07,10,040,,30,10,038,,24,02,139,*7F
$GPGSV,3,1,12,25,68,063,42,31,52,299,42,12,29,079,40,32,28,230,41*7E
$GPGSV,3,3,12,11,44,274,,07,10,040,,30,10,038,,24,02,139,*7F
$GPGSV,3,1,12,25,68,063,43,31,52,299,42,12,29,079,43,32,28,230,42*7F
$GPGSV,3,3,12,11,44,274,,07,10,040,,30,10,038,,24,02,139,*7F
$GPGSV,3,1,12,25,68,063,45,31,52,299,42,12,29,079,41,32,28,230,42*7B
$GPGSV,3,3,12,09,47,062,,11,44,274,,07,10,040,,30,10,038,*7E
$GPGSV,3,1,12,25,68,063,47,31,52,299,43,12,29,079,40,32,28,230,41*7A
$GPGSV,3,3,12,09,47,062,,11,44,274,,07,10,040,,30,10,038,*7E
$GPGSV,3,1,12,25,68,063,47,31,52,299,43,12,29,079,39,32,28,230,41*74
$GPGSV,3,3,12,09,47,062,,11,44,274,,07,10,040,,30,10,038,*7E
$GPGSV,3,1,12,25,68,063,45,31,52,299,43,12,29,079,41,32,28,230,42*7A
$GPGSV,3,3,12,09,47,062,,11,44,274,,07,10,040,,30,10,038,*7E
$GPGSV,3,1,12,25,68,063,43,31,52,299,43,12,29,079,40,32,28,230,42*7D
$GPGSV,3,3,12,11,44,274,,07,10,040,,30,10,038,,24,02,139,*7F
$GPGSV,3,1,12,25,68,063,43,31,52,299,43,12,29,079,40,32,28,230,41*7E
$GPGSV,3,3,12,11,44,274,,07,10,040,,30,10,038,,24,02,139,*7F
$GPGSV,3,1,12,25,68,063,43,31,52,299,43,12,29,079,40,32,28,230,41*7E
$GPGSV,3,3,12,11,44,274,,07,10,040,,30,10,038,,24,02,139,*7F
$GPGSV,3,1,12,25,68,063,43,31,52,299,43,12,29,079,38,32,28,230,41*71
$GPGSV,3,3,12,11,44,274,,07,10,040,,30,10,038,,24,02,139,*7F
$GPGSV,3,1,12,25,68,063,43,31,52,299,43,12,29,079,38,32,28,230,41*71
$GPGSV,3,3,12,11,44,274,,07,10,040,,30,10,038,,24,02,139,*7F
$GPGSV,3,1,12,25,68,063,43,31,52,299,43,12,29,079,38,32,28,230,42*72
$GPGSV,3,3,12,11,44,274,,07,10,040,,30,10,038,,24,02,139,*7F
$GPGSV,3,1,12,25,68,063,43,31,52,299,42,12,29,079,38,32,28,230,41*70
$GPGSV,3,3,12,11,44,274,,07,10,040,,30,10,038,,24,02,139,*7F
$GPGSV,3,1,12,25,68,063,44,31,52,299,43,12,29,079,37,32,28,230,42*7A
$GPGSV,3,3,12,11,44,274,,07,10,040,,30,10,038,,24,02,139,*7F
$GPGSV,3,1,12,25,68,063,44,31,52,299,43,12,29,079,38,32,28,230,41*76
$GPGSV,3,3,12,09,47,062,,11,44,274,,07,10,040,,30,10,038,*7E
$GPGSV,3,1,12,25,68,063,45,31,52,299,43,12,29,079,37,32,28,230,41*78
$GPGSV,3,3,12,09,47,062,,11,44,274,,07,10,040,,30,10,038,*7E
$GPGSV,3,1,12,25,68,063,45,31,52,299,43,12,29,079,43,32,28,230,40*7A
$GPGSV,3,3,12,09,47,062,,11,44,274,,07,10,040,,30,10,038,*7E
$GPGSV,3,1,12,25,68,063,46,31,52,299,43,12,29,079,43,32,28,230,40*79
$GPGSV,3,3,12,09,47,062,,11,44,274,,07,10,040,,30,10,038,*7E
$GPGSV,3,1,12,25,68,063,46,31,52,299,43,12,29,079,43,32,28,230,40*79
$GPGSV,3,3,12,09,47,062,,11,44,274,,07,10,040,,30,10,038,*7E
$GPGSV,3,1,12,25,67,065,46,31,53,299,43,12,28,079,34,32,27,229,41*76
$GPGSV,3,3,12,09,46,062,,11,45,272,,07,09,039,,30,09,038,*76
$GPGSV,3,1,12,25,67,065,46,31,53,299,43,12,28,079,44,32,27,229,41*71
$GPGSV,3,3,12,09,46,062,,11,45,272,,07,09,039,,30,09,038,*76
$GPGSV,3,1,12,25,67,065,46,31,53,299,42,12,28,079,44,32,27,229,40*71
$GPGSV,3,3,12,09,46,062,,11,45,272,,07,09,039,,30,09,038,*76
$GPGSV,3,1,12,25,67,065,46,31,53,299,42,12,28,079,44,32,27,229,40*71
$GPGSV,3,3,12,09,46,062,,11,45,272,,07,09,039,,30,09,038,*76
$GPGSV,3,1,12,25,67,065,46,31,53,299,42,12,28,079,44,32,27,229,40*71
$GPGSV,3,3,12,09,46,062,,11,45,272,,07,09,039,,30,09,038,*76
$GPGSV,3,2,12,02,26,056,25,26,14,274,35,06,04,023,13,09,46,062,*71
$GPGSV,3,2,12,02,26,056,36,26,14,274,35,06,04,023,23,09,46,062,*70
$GPGSV,3,2,12,02,26,056,41,26,14,274,34,06,04,023,25,24,01,140,13*78
$GPGSV,3,2,12,02,26,056,42,26,14,274,34,06,04,023,25,24,01,140,04*7D
$GPGSV,3,2,12,02,26,056,42,26,14,274,34,06,04,023,25,09,46,062,*74
$GPGSV,3,2,12,02,26,056,40,26,14,274,34,06,04,023,26,09,46,062,*75
$GPGSV,3,2,12,02,26,056,41,26,14,274,34,06,04,023,26,09,46,062,*74
$GPGSV,3,2,12,02,26,056,40,26,14,274,34,06,04,023,26,09,46,062,*75
$GPGSV,3,2,12,02,26,056,34,26,14,274,35,06,04,023,26,24,01,140,21*79
$GPGSV,3,2,12,02,26,056,41,26,14,274,35,06,04,023,26,09,46,062,*75
$GPGSV,3,2,12,02,26,056,41,26,14,274,35,06,04,023,25,09,46,062,*76
$GPGSV,3,2,12,02,26,056,41,26,14,274,36,06,04,023,25,24,01,140,06*7E
$GPGSV,3,2,12,02,26,056,39,26,14,274,36,06,04,023,25,24,01,140,04*73
$GPGSV,3,2,12,02,26,056,38,26,14,274,36,06,04,023,24,14,00,000,41*75
$GPGSV,3,2,12,02,26,056,39,26,14,274,36,06,04,023,24,14,00,000,41*74
$GPGSV,3,2,12,02,26,056,39,26,14,274,36,06,04,023,24,14,00,000,41*74
$GPGSV,3,2,12,02,26,056,39,26,14,274,36,06,04,023,23,14,00,000,41*73
$GPGSV,3,2,12,02,26,056,39,26,14,274,36,06,04,023,23,14,00,000,41*73
$GPGSV,3,2,12,02,26,056,32,26,14,274,36,06,04,023,23,14,00,000,41*78
$GPGSV,3,2,12,02,26,056,32,26,14,274,36,06,04,023,24,14,00,000,41*7F
$GPGSV,3,2,12,02,26,055,42,32,26,228,41,26,15,274,36,06,03,022,24*74
$GPGSV,3,2,12,02,26,055,36,32,26,228,42,26,15,274,36,06,03,022,24*74
$GPGSV,3,2,12,02,26,055,36,32,26,228,42,26,15,274,36,06,03,022,23*73
$GPGSV,3,2,12,02,26,055,36,32,26,228,42,26,15,274,36,06,03,022,22*72
$GPGSV,3,2,12,02,26,055,21,32,26,228,42,26,15,274,36,06,03,022,21*77
$GPGSV,3,2,12,02,26,055,37,32,26,228,42,26,15,274,36,06,03,022,19*7B
$GPGSV,3,2,12,02,26,055,37,32,26,228,41,26,15,274,36,06,03,022,22*70
$GPGSV,3,2,12,02,26,055,38,32,26,228,41,26,15,274,36,06,03,022,22*7F
$GPGSV,3,2,12,02,26,055,35,32,26,228,41,26,15,274,36,06,03,022,22*72
$GPGSV,3,2,12,02,26,055,35,32,26,228,42,26,15,274,36,06,03,022,22*71
$GPGSV,3,2,12,02,26,055,35,32,26,228,42,26,15,274,36,06,03,022,22*71
$GPGSV,3,2,12,02,26,055,37,32,26,228,42,26,15,274,36,06,03,022,23*72
$GPGSV,3,2,12,02,26,055,37,32,26,228,42,26,15,274,37,06,03,022,23*73
$GPGSV,3,2,12,02,26,055,38,32,26,228,42,26,15,274,37,06,03,022,24*7B
$GPGSV,3,2,12,02,26,055,38,32,26,228,42,26,15,274,37,06,03,022,24*7B
$GPGSV,3,2,12,02,26,055,38,32,26,228,42,26,15,274,37,06,03,022,23*7C
$GPGSV,3,2,12,02,26,055,38,32,26,228,42,26,15,274,37,06,03,022,22*7D
$GPGSV,3,2,12,02,26,055,38,32,26,228,42,26,15,274,37,06,03,022,21*7E
$GPGSV,3,2,12,02,26,055,38,32,26,228,42,26,15,274,38,06,03,022,20*70
$GPGSV,3,2,12,02,26,055,38,32,26,228,42,26,15,274,37,06,03,022,20*7F
$GPGSV,3,2,12,02,26,055,38,32,26,228,42,26,15,274,37,06,03,022,20*7F
$GPGSV,3,2,12,02,26,055,35,32,26,228,42,26,15,274,37,06,03,022,21*73
$GPGSV,3,2,12,02,26,055,32,32,26,228,42,26,15,274,37,06,03,022,20*75
$GPGSV,3,2,12,02,26,055,29,32,26,228,41,26,15,274,36,06,03,022,15*7B
$GPGSV,3,2,12,02,26,055,29,32,26,228,41,26,15,274,35,06,03,022,17*7A
$GPGSV,3,2,12,02,26,055,30,32,26,228,41,26,15,274,36,06,03,022,17*71
