[112.0, 48.41775, 4.4722]
[112.0, 48.41775, 4.4722]
[112.0, 48.41775, 4.4722]
[112.0, 48.41775, 4.4722]
[112.0, 48.41775, 4.4722]
[112.0, 48.41775, 4.4722]
[112.0, 48.41775, 4.4722]
[112.0, 48.41775, 4.4722]
[112.0, 48.41775, 4.4722]
[112.0, 48.41775, 4.4722]
[112.3, 48.41775, 4.472166666666666]
[112.3, 48.41775, 4.472166666666666]
[112.3, 48.41775, 4.472166666666666]
[112.3, 48.41775, 4.472166666666666]
[112.3, 48.41775, 4.472166666666666]
[112.3, 48.41775, 4.472166666666666]
[112.3, 48.41775, 4.472166666666666]
[112.3, 48.41775, 4.472166666666666]
[112.3, 48.41775, 4.472166666666666]
[112.3, 48.41775, 4.472166666666666]
