$GPGSV,3,2,12,02,22,089,04,19,02,034,08,09,78,084,,25,74,282,*7F
$GPGSV,3,2,12,31,22,301,24,32,47,266,07,09,78,084,,25,74,282,*7C
$GPGSV,3,2,12,31,22,301,24,32,47,266,04,09,78,084,,25,74,282,*7F
$GPGSV,3,2,12,02,22,089,15,31,22,301,23,19,02,034,04,09,78,084,*7E
$GPGSV,3,2,12,31,22,301,24,19,02,034,04,25,74,282,13,09,78,084,*70
$GPGSV,3,2,12,02,22,089,16,31,22,301,23,09,78,084,,07,33,056,*70
$GPGSV,3,2,12,02,22,089,16,31,22,301,22,09,78,084,,07,33,056,*71
$GPGSV,3,2,12,02,22,089,17,31,22,301,22,09,78,084,,07,33,056,*70
$GPGSV,3,2,12,31,22,301,22,32,47,266,04,09,78,084,,07,33,056,*71
$GPGSV,3,2,12,02,22,089,17,31,22,301,22,09,78,084,,07,33,056,*70
$GPGSV,3,2,12,02,22,089,18,31,22,301,21,09,78,084,,07,33,056,*7C
$GPGSV,3,2,12,02,22,089,17,31,22,301,21,09,78,084,,07,33,056,*73
$GPGSV,3,2,12,02,22,089,16,31,22,301,20,09,78,084,,07,33,056,*73
$GPGSV,3,2,12,02,22,089,15,31,22,301,19,09,78,084,,07,33,056,*7A
$GPGSV,3,2,12,02,22,089,15,31,22,301,18,09,78,084,,07,33,056,*7B
$GPGSV,3,2,12,02,22,089,13,19,02,034,15,31,22,301,18,09,78,084,*70
$GPGSV,3,2,12,02,22,089,12,31,22,301,18,19,02,034,11,09,78,084,*75
$GPGSV,3,2,12,02,22,089,12,19,02,034,04,31,22,301,19,09,78,084,*70
$GPGSV,3,2,12,02,22,089,13,31,22,301,19,19,02,034,04,09,78,084,*71
$GPGSV,3,2,12,02,22,089,14,19,02,034,04,31,22,301,19,09,78,084,*76
$GPGSV,3,2,12,02,22,089,13,31,22,301,19,19,02,034,04,09,78,084,*71
$GPGSV,3,2,12,02,22,089,13,31,22,301,20,19,02,034,05,09,78,084,*7A
$GPGSV,3,2,12,02,22,089,13,19,02,034,05,31,22,301,19,09,78,084,*70
$GPGSV,3,2,12,02,22,089,09,31,22,301,19,19,02,034,04,09,78,084,*7A
$GPGSV,3,2,12,02,22,089,11,31,22,301,19,19,02,034,04,09,78,084,*73
$GPGSV,3,2,12,31,23,301,19,02,23,088,12,09,77,080,,07,33,055,*74
$GPGSV,3,2,11,02,24,086,15,31,25,302,20,09,75,072,,07,31,052,*7C
$GPGSV,3,2,11,02,24,086,15,31,25,302,20,09,75,072,,07,31,052,*7C
$GPGSV,3,2,11,02,24,086,14,31,25,302,20,09,75,072,,07,31,052,*7D
$GPGSV,3,2,11,12,54,061,07,31,25,302,21,09,75,072,,07,31,052,*71
$GPGSV,3,2,11,02,24,086,15,31,25,302,21,09,75,072,,07,31,052,*7D
$GPGSV,3,2,11,02,24,086,16,31,25,302,20,09,75,072,,07,31,052,*7F
$GPGSV,3,1,11,25,77,295,21,12,54,061,11,32,46,260,20,24,27,129,25*7F
$GPGSV,3,3,11,11,30,304,,30,29,054,,06,02,159,*4D
$GPGSV,3,1,11,25,77,295,21,32,46,260,20,24,27,129,24,02,24,086,09*78
$GPGSV,3,3,11,11,30,304,,30,29,054,,06,02,159,*4D
$GPGSV,3,1,11,25,77,295,21,32,46,260,20,24,27,129,24,02,24,086,07*76
$GPGSV,3,3,11,11,30,304,,30,29,054,,06,02,159,*4D
$GPGSV,3,1,11,25,77,295,21,32,46,260,20,24,27,129,23,02,24,086,06*70
$GPGSV,3,3,11,11,30,304,,30,29,054,,06,02,159,*4D
$GPGSV,3,1,11,25,77,295,22,12,54,061,15,32,46,260,19,24,27,129,22*75
$GPGSV,3,3,11,11,30,304,,30,29,054,,06,02,159,*4D
$GPGSV,3,1,11,25,77,295,23,12,54,061,16,32,46,260,19,24,27,129,23*76
$GPGSV,3,3,11,11,30,304,,30,29,054,,06,02,159,*4D
$GPGSV,3,1,11,25,77,295,24,12,54,061,12,32,46,260,18,24,27,129,23*74
$GPGSV,3,3,11,11,30,304,,30,29,054,,06,02,159,*4D
$GPGSV,3,1,11,25,78,301,24,12,53,062,12,32,45,258,18,24,26,129,22*7B
$GPGSV,3,3,11,07,30,051,,30,28,053,,06,01,159,*4C
$GPGSV,3,1,11,25,78,301,23,12,53,062,14,32,45,258,18,24,26,129,21*79
$GPGSV,3,3,11,07,30,051,,30,28,053,,06,01,159,*4C
$GPGSV,3,1,11,25,78,301,23,12,53,062,14,32,45,258,18,24,26,129,20*78
$GPGSV,3,3,11,07,30,051,,30,28,053,,06,01,159,*4C
$GPGSV,3,1,11,25,78,301,23,12,53,062,15,32,45,258,19,24,26,129,19*72
$GPGSV,3,3,11,30,28,053,,31,27,302,,06,01,159,*4A
$GPGSV,3,2,11,02,24,084,11,31,27,302,13,09,74,070,,11,31,304,*7C
$GPGSV,3,2,11,02,24,084,14,31,27,302,14,09,74,070,,11,31,304,*7E
$GPGSV,3,2,11,24,26,129,17,02,24,084,14,09,74,070,,11,31,304,*73
$GPGSV,3,2,11,24,26,129,13,02,24,084,11,09,74,070,,11,31,304,*72
$GPGSV,3,2,11,24,26,129,16,02,24,084,08,09,74,070,,11,31,304,*7F
$GPGSV,3,2,11,02,24,084,07,12,53,062,04,09,74,070,,11,31,304,*7A
$GPGSV,3,2,11,12,53,062,04,31,27,302,16,09,74,070,,11,31,304,*74
$GPGSV,3,2,11,02,24,084,10,12,53,062,04,09,74,070,,11,31,304,*7C
$GPGSV,3,2,11,24,26,129,15,02,24,084,12,09,74,070,,11,31,304,*77
$GPGSV,3,2,11,02,24,084,14,31,27,302,10,09,74,070,,11,31,304,*7A
$GPGSV,3,2,11,02,24,084,14,31,27,302,10,09,74,070,,11,31,304,*7A
$GPGSV,3,2,11,24,26,129,12,25,78,301,07,09,74,070,,11,31,304,*76
$GPGSV,3,2,11,32,45,258,17,09,74,070,,12,53,062,,11,31,304,*78
$GPGSV,3,2,11,32,45,258,17,09,74,070,,12,53,062,,11,31,304,*78
$GPGSV,3,2,11,31,27,302,13,32,45,258,17,09,74,070,,11,31,304,*7D
